1528303612
1528303613
1528303614
1528303615
1528303616
1528303617
1528303627
1528303628
1528303629
1528303630
1528303631
1528303632
1528303633
1528303634
1528303635
1528303636
1528303637
1528304132
1528304226
1528304227
1528304228
1528304229
1528304230
1528304231
1528304232
1528304233
1528304234
1528304235
1528304236
1528304237
1528304238
1528304239
1528304241
1528304242
1528304243
1528304244
1528304245
1528304246
1528304247
1528304248
1528304249
1528304250
1528304251
1528304252
1528304253
1528304254
1528304255
1528304256
1528304257
1528304258
1528304259
1528304260
1528304261
1528304262
1528304263
1528304264
1528304265
1528304266
1528304267
1528304268
1528304269
1528304270
1528304271
1528304272
1528304273
1528304274
1528304275
1528304276
1528304277
1528304278
1528304279
1528304280
1528304281
1528304282
1528304283
1528304284
1528304285
1528304286
1528304287
1528304288
1528304289
1528304290
1528304291
1528304292
1528304293
1528304294
1528304295
1528304296
1528304297
1528304298
1528304299
1528304496
1528304497
